23 52
24 33
26 17
27 18
28 9
30 11
32 11
33 26
34 112
35 26
36 52
37 13
38 69
39 72
40 10
41 31
42 66
43 45
44 66
45 61
46 41
47 112
48 22
50 82
51 27
52 11
53 9
54 9
55 21
56 49
57 41
59 39
60 42
61 24
63 53
65 63
66 20
67 96
68 121
69 16
71 102
72 73
75 29
76 9
77 57
78 12
79 16
80 17
81 16
83 16
86 23
92 29
95 40
96 15
99 1
102 29
103 9
110 32
114 16
119 68
123 80
124 26
125 39
127 17
129 28
131 36
132 3
143 18
144 85
145 44
147 61
151 30
160 82
164 25
167 33
170 41
174 14
181 14
194 44
198 10
199 18
201 32
203 29
207 8
210 23
213 22
214 36
227 43
248 24
265 39
273 23
285 30
294 10
391 39
953 33
