128 1
126 2
106 3
98 5
88 7
87 9
86 16
84 17
83 18
82 23
80 26
78 51
77 52
76 59
75 62
74 70
73 72
72 79
70 85
69 89
68 94
67 95
66 104
65 109
64 116
63 120
62 139
61 144
60 151
59 165
58 182
57 188
56 203
55 227
54 275
53 287
52 302
51 331
50 367
49 413
48 445
47 488
46 550
45 639
44 699
43 841
42 921
41 1028
40 1158
39 1454
38 1556
37 1788
36 1915
35 2218
34 2408
33 2674
32 2817
31 3212
30 3389
29 3649
28 3940
27 4424
26 4635
25 4954
24 5096
23 5218
22 5420
21 5652
20 5789
19 5938
18 6200
17 6707
16 6970
15 7396
14 7713
13 8464
12 8916
11 9524
10 9767
9 10962
8 11636
7 11979
6 12230
5 13636
