24 67
25 18
27 17
28 18
29 9
31 11
33 11
34 26
35 112
36 26
37 65
39 69
40 72
41 10
42 31
43 66
44 45
45 66
46 61
47 41
48 112
49 49
51 82
53 11
54 9
55 9
56 21
57 49
58 41
59 21
60 43
61 17
62 24
64 71
65 41
66 62
67 16
68 95
69 84
71 46
72 56
73 73
74 57
76 29
77 9
79 12
80 33
82 16
84 16
87 23
89 15
94 15
96 40
97 15
103 37
104 9
107 24
115 16
120 68
123 36
124 70
126 39
128 17
129 14
130 14
132 36
133 3
142 18
143 44
145 85
147 61
152 30
159 3
160 82
165 25
166 14
168 30
171 41
182 14
193 44
195 32
196 18
199 10
200 29
207 8
210 23
211 36
214 22
228 43
247 24
263 39
271 23
285 30
290 10
387 39
917 33
