916 33
386 72
289 82
284 112
270 135
262 174
246 198
227 241
213 263
210 299
209 322
206 330
199 359
198 369
195 387
194 419
192 463
181 477
170 518
167 548
165 562
164 587
159 669
158 672
151 702
146 763
144 848
142 892
141 910
132 913
131 949
129 963
128 977
127 994
125 1033
123 1103
122 1139
119 1207
114 1223
106 1247
103 1256
102 1293
96 1308
95 1348
93 1363
88 1378
86 1401
83 1417
81 1433
79 1466
78 1478
76 1487
75 1516
73 1573
72 1646
71 1702
70 1748
68 1832
67 1927
66 1943
65 2005
64 2046
63 2117
61 2141
60 2158
59 2201
58 2222
57 2263
56 2312
55 2333
54 2342
53 2351
52 2362
50 2444
48 2493
47 2605
46 2646
45 2707
44 2773
43 2818
42 2884
41 2915
40 2925
39 2997
38 3066
36 3131
35 3157
34 3269
33 3295
32 3306
30 3317
28 3326
27 3344
26 3361
24 3379
23 3446
