5 1406
6 251
7 343
8 674
9 1195
10 243
11 608
12 452
13 751
14 317
15 426
16 263
17 507
18 262
19 149
20 137
21 232
22 202
23 122
24 142
25 319
26 211
27 484
28 291
29 260
30 177
31 395
32 143
33 266
34 190
35 303
36 127
37 232
38 102
39 296
40 130
41 107
42 80
43 142
44 60
45 89
46 62
47 43
48 32
49 46
50 36
51 29
52 15
53 12
54 48
55 24
56 15
57 6
58 17
59 14
60 7
61 5
62 19
63 4
64 7
65 5
66 9
67 1
68 5
69 4
70 6
72 7
73 2
74 8
75 3
76 7
77 1
78 25
80 3
82 5
83 1
84 1
86 7
87 2
88 2
98 2
106 1
126 1
128 1
