916 33
386 72
289 82
284 112
270 135
262 174
246 198
227 241
213 263
210 299
206 307
199 336
198 346
195 364
194 396
192 440
181 454
170 495
167 525
165 539
159 621
151 651
146 712
144 797
142 841
141 859
132 862
131 880
129 894
128 909
127 926
126 927
125 966
123 1036
122 1072
119 1140
114 1156
106 1181
103 1190
102 1227
98 1229
96 1244
95 1284
93 1299
88 1316
87 1318
86 1348
84 1349
83 1366
82 1371
80 1374
79 1407
78 1444
77 1445
76 1461
75 1474
74 1482
73 1484
72 1564
71 1620
70 1638
69 1642
68 1691
67 1787
66 1812
65 1857
64 1905
63 1980
62 1999
61 2028
60 2052
59 2109
58 2147
57 2194
56 2258
55 2293
54 2341
53 2362
52 2388
51 2417
50 2535
49 2581
48 2662
47 2817
46 2899
45 3049
44 3162
43 3349
42 3455
41 3593
40 3733
39 4101
38 4253
37 4485
36 4677
35 5006
34 5280
33 5565
32 5719
31 6114
30 6302
29 6562
28 6862
27 7346
26 7574
25 7893
24 8053
23 8242
22 8444
21 8676
20 8813
19 8962
18 9224
17 9731
16 9994
15 10420
14 10737
13 11488
12 11940
11 12548
10 12791
9 13986
8 14660
7 15003
6 15254
5 16660
